diff: 2.000000, error: 0.062500
lo: 0.000000, hi: 2.000000, v: 1.000000
lo: 0.000000, hi: 1.000000, v: 0.500000
lo: 0.500000, hi: 1.000000, v: 0.750000
lo: 0.500000, hi: 0.750000, v: 0.625000
lo: 0.625000, hi: 0.750000, v: 0.687500
hello world: 0.656250
